1	ndb_no	"replace(format(ifnull(calory.calory,0),0),"","","""")"	"replace(format(ifnull(Protein.Protein,0),0),"","","""")"
1	01001	162759	193
1	01002	108267	128
1	01003	179580	57
1	01004	0	0
1	01005	0	0
1	01006	0	0
1	01007	73800	4871
1	01008	0	0
1	01009	0	0
1	01010	0	0
1	01011	0	0
1	01012	0	0
1	01013	0	0
1	01014	0	0
1	01015	0	0
1	01016	0	0
1	01017	79344	1376
1	01018	0	0
1	01019	0	0
1	01020	0	0
1	01021	0	0
1	01022	0	0
1	01023	0	0
1	01024	43818	2687
1	01025	0	0
1	01026	0	0
1	01027	0	0
1	01028	0	0
1	01029	0	0
1	01030	0	0
1	01031	0	0
1	01032	43100	3846
1	01033	0	0
1	01034	0	0
1	01035	0	0
1	01036	42804	2770
1	01036	42804	1396
1	01036	21576	2770
1	01036	21576	1396
1	01037	33948	2802
1	01037	33948	1412
1	01037	17112	2802
1	01037	17112	1412
1	01038	0	0
1	01039	0	0
1	01040	0	0
1	01041	0	0
1	01042	0	0
1	01043	0	0
1	01044	0	0
1	01045	0	0
1	01046	37290	1905
1	01047	0	0
1	01048	0	0
1	01049	31460	716
1	01050	46800	648
1	01052	0	0
1	01053	0	0
1	01054	15420	192
1	01055	32670	711
1	01056	44390	476
1	01057	22352	1156
1	01058	41830	764
1	01059	15372	813
1	01060	15372	813
1	01067	32640	240
1	01067	32640	120
1	01067	16320	240
1	01067	16320	120
1	01068	16320	120
1	01069	51230	450
1	01070	0	0
1	01071	15520	289
1	01072	18480	69
1	01073	23850	94
1	01074	47840	552
1	01075	14884	427
1	01076	14884	427
1	01077	14884	769
1	01078	15616	800
1	01079	12200	805
1	01080	12495	853
1	01081	13776	972
1	01082	10248	822
1	01083	10535	853
1	01084	11808	967
1	01085	8330	826
1	01086	9065	875
1	01087	10086	974
1	01088	9800	811
1	01089	14884	756
1	01090	63488	3369
1	01090	63488	842
1	01090	15872	3369
1	01090	15872	842
1	01091	43440	4339
1	01091	43440	1085
1	01091	10860	4339
1	01091	10860	1085
1	01092	24344	2387
1	01093	0	0
1	01094	46440	4116
1	01095	98226	2420
1	01096	33768	1716
1	01096	33768	858
1	01096	16884	1716
1	01096	16884	858
1	01097	19968	1933
1	01097	19968	966
1	01097	9984	1933
1	01097	9984	966
1	01102	20750	793
1	01103	19000	748
1	01104	17750	810
1	01105	19250	880
1	01106	16836	869
1	01107	17220	253
1	01108	23668	915
1	01109	26460	1465
1	01110	0	0
1	01111	0	0
1	01112	5904	187
1	01113	19323	669
1	01114	6642	209
1	01115	51185	1875
1	01116	0	0
1	01117	0	0
1	01118	0	0
1	01119	0	0
1	01120	0	0
1	01121	0	0
1	01122	0	0
1	01123	0	0
1	01124	12636	2649
1	01125	78246	3854
1	01126	0	0
1	01127	0	0
1	01128	0	0
1	01129	0	0
1	01130	0	0
1	01131	0	0
1	01132	32780	2198
1	01133	0	0
1	01134	0	0
1	01135	0	0
1	01136	0	0
1	01137	0	0
1	01138	0	0
1	01139	0	0
1	01140	0	0
1	01141	0	0
1	01142	38400	2710
1	01142	38400	677
1	01142	9600	2710
1	01142	9600	677
1	01143	21084	3012
1	01144	0	0
1	01145	162759	193
1	01146	0	0
1	01147	0	0
1	01148	0	0
1	01149	0	0
1	01150	0	0
1	01151	8330	826
1	01152	13720	968
1	01153	16884	858
1	01154	43440	4339
1	01154	43440	1085
1	01154	10860	4339
1	01154	10860	1085
1	01155	24344	2387
1	01156	0	0
1	01157	0	0
1	01159	0	0
1	01160	0	0
1	01161	0	0
1	01163	49235	3059
1	01163	49235	1537
1	01163	24732	3059
1	01163	24732	1537
1	01164	47871	2510
1	01165	0	0
1	01166	0	0
1	01167	0	0
1	01168	0	0
1	01169	0	0
1	01171	0	0
1	01172	0	0
1	01173	0	0
1	01174	12300	812
1	01175	10248	822
1	01178	41630	1610
1	01179	31740	805
1	01180	17020	713
1	01182	0	0
1	01184	0	0
1	01185	0	0
1	01186	0	0
1	01187	0	0
1	01188	0	0
1	01189	0	0
1	01190	0	0
1	01191	0	0
1	01192	0	0
1	01193	0	0
1	01194	0	0
1	01195	0	0
1	01196	0	0
1	01197	0	0
1	01198	0	0
1	01199	0	0
1	01200	11175	225
1	01202	19500	748
1	01203	0	0
1	01204	26500	2000
1	01205	0	0
1	01206	0	0
1	01208	0	0
1	01209	7896	691
1	01210	58275	3738
1	01211	14884	769
1	01212	63488	3369
1	01212	63488	842
1	01212	15872	3369
1	01212	15872	842
1	01214	34020	1716
1	01214	34020	858
1	01214	17010	1716
1	01214	17010	858
1	01215	0	0
1	01216	0	0
1	01217	0	0
1	01218	0	0
1	01219	0	0
1	01220	0	0
1	01221	0	0
1	01222	0	0
1	01223	0	0
1	01224	0	0
1	01225	0	0
1	01226	11520	2400
1	01226	11520	600
1	01226	2880	2400
1	01226	2880	600
1	01227	0	0
1	01228	0	0
1	01229	0	0
1	01230	15190	786
1	01231	0	0
1	01235	7072	299
1	01236	19092	353
1	01237	0	0
1	01238	0	0
1	01239	0	0
1	01240	0	0
1	01241	0	0
1	01242	0	0
1	01243	8772	300
1	01244	0	0
1	01250	0	0
1	01251	0	0
1	01252	0	0
1	01253	0	0
1	01254	37290	1905
1	01255	0	0
1	01256	0	0
1	01258	0	0
1	02001	0	0
1	02002	0	0
1	02003	0	0
1	02004	0	0
1	02005	0	0
1	02006	0	0
1	02007	0	0
1	02008	0	0
1	02009	0	0
1	02010	0	0
1	02011	0	0
1	02012	0	0
1	02013	0	0
1	02014	0	0
1	02015	0	0
1	02016	0	0
1	02017	0	0
1	02018	0	0
1	02019	0	0
1	02020	0	0
1	02021	0	0
1	02022	0	0
1	02023	0	0
1	02024	0	0
1	02025	0	0
1	02026	0	0
1	02027	0	0
1	02028	0	0
1	02029	0	0
1	02030	0	0
1	02031	0	0
1	02032	0	0
1	02033	0	0
1	02034	0	0
1	02035	0	0
1	02036	0	0
1	02037	0	0
1	02038	0	0
1	02039	0	0
1	02041	0	0
1	02042	0	0
1	02043	0	0
1	02044	0	0
1	02045	0	0
1	02046	16683	1088
1	02047	0	0
1	02048	5019	0
1	02049	0	0
1	02050	59904	12
1	02051	0	0
1	02052	0	0
1	02053	4284	0
1	02054	0	0
1	02055	0	0
1	02063	0	0
1	02064	0	0
1	02065	0	0
1	02066	0	0
1	02068	4541	10
1	02069	22440	125
1	02073	0	0
1	03001	0	0
1	03002	0	0
1	03003	0	0
1	03005	0	0
1	03007	0	0
1	03008	0	0
1	03009	0	0
1	03010	0	0
1	03011	0	0
1	03012	0	0
1	03013	0	0
1	03014	0	0
1	03015	0	0
1	03016	0	0
1	03017	0	0
1	03019	0	0
1	03021	0	0
1	03041	0	0
1	03042	0	0
1	03043	0	0
1	03044	0	0
1	03045	0	0
1	03046	0	0
1	03047	0	0
1	03048	0	0
1	03049	0	0
1	03050	0	0
1	03051	0	0
1	03052	0	0
1	03053	19712	566
1	03054	19712	566
1	03055	0	0
1	03059	17664	492
1	03061	15104	561
1	03062	15360	517
1	03066	13312	512
1	03067	0	0
1	03068	0	0
1	03069	0	0
1	03070	11450	366
1	03072	0	0
1	03073	15104	632
1	03075	0	0
1	03076	0	0
1	03077	0	0
1	03079	0	0
1	03081	0	0
1	03082	0	0
1	03083	0	0
1	03084	12288	594
1	03085	13568	440
1	03086	0	0
1	03089	0	0
1	03090	0	0
1	03091	6480	288
1	03092	5760	288
1	03093	0	0
1	03096	0	0
1	03098	7616	291
1	03099	5824	179
1	03100	7168	179
1	03104	0	0
1	03105	0	0
1	03108	12768	246
1	03109	13440	246
1	03112	8476	163
1	03114	0	0
1	03115	0	0
1	03116	0	0
1	03117	0	0
1	03118	0	0
1	03119	13680	336
1	03120	15600	336
1	03121	12000	785
1	03122	0	0
1	03127	8880	600
1	03128	0	0
1	03129	0	0
1	03130	0	0
1	03131	0	0
1	03132	0	0
1	03133	0	0
1	03134	0	0
1	03135	0	0
1	03136	0	0
1	03137	0	0
1	03139	0	0
1	03140	0	0
1	03141	0	0
1	03142	0	0
1	03143	0	0
1	03144	0	0
1	03145	0	0
1	03147	0	0
1	03150	0	0
1	03151	0	0
1	03152	0	0
1	03153	0	0
1	03154	0	0
1	03156	0	0
1	03157	0	0
1	03158	0	0
1	03159	0	0
1	03160	0	0
1	03161	0	0
1	03162	0	0
1	03163	0	0
1	03164	0	0
1	03165	0	0
1	03166	0	0
1	03167	0	0
1	03168	0	0
1	03169	0	0
1	03170	0	0
1	03171	0	0
1	03172	0	0
1	03173	0	0
1	03174	0	0
1	03175	0	0
1	03176	0	0
1	03177	0	0
1	03178	0	0
1	03179	0	0
1	03181	0	0
1	03184	0	0
1	03185	0	0
1	03186	0	0
1	03187	0	0
1	03188	0	0
1	03189	4868	159
1	03190	0	0
1	03191	0	0
1	03192	0	0
1	03193	0	0
1	03194	0	0
1	03195	0	0
1	03197	0	0
1	03198	0	0
1	03199	0	0
1	03201	0	0
1	03205	0	0
1	03206	0	0
1	03209	0	0
1	03210	0	0
1	03211	0	0
1	03212	0	0
1	03213	0	0
1	03214	0	0
1	03215	0	0
1	03216	0	0
1	03217	0	0
1	03220	0	0
1	03221	0	0
1	03222	0	0
1	03224	0	0
1	03225	0	0
1	03226	0	0
1	03227	0	0
1	03228	0	0
1	03229	0	0
1	03230	0	0
1	03233	0	0
1	03235	0	0
1	03236	0	0
1	03238	0	0
1	03245	19465	366
1	03246	19694	403
1	03265	0	0
1	03267	0	0
1	03268	0	0
1	03269	0	0
1	03274	13568	522
1	03278	0	0
1	03279	0	0
1	03280	0	0
1	03282	8640	336
1	03283	0	0
1	03286	0	0
1	03287	0	0
1	03289	0	0
1	03290	0	0
1	03293	0	0
1	03296	0	0
1	03297	0	0
1	03298	0	0
1	03301	0	0
1	03302	0	0
1	03303	0	0
1	03304	0	0
1	03681	0	0
1	03682	0	0
1	03685	0	0
1	03686	0	0
1	03689	0	0
1	03690	0	0
1	03693	0	0
1	03694	0	0
1	03696	0	0
1	03704	0	0
1	03711	0	0
1	03712	0	0
1	03800	0	0
1	03801	0	0
1	03802	0	0
1	03803	0	0
1	03804	0	0
1	03805	0	0
1	03806	0	0
1	03807	0	0
1	03808	0	0
1	03809	0	0
1	03810	0	0
1	03811	0	0
1	03812	0	0
1	03813	0	0
1	03814	0	0
1	03815	0	0
1	03816	0	0
1	03817	0	0
1	03818	0	0
1	03819	0	0
1	03820	0	0
1	03821	0	0
1	03822	0	0
1	03823	0	0
1	03824	0	0
1	03825	0	0
1	03826	0	0
1	03827	0	0
1	03830	0	0
1	03832	0	0
1	03837	0	0
1	03838	0	0
1	03839	0	0
1	03840	0	0
1	03841	0	0
1	03842	0	0
1	03843	0	0
1	03844	0	0
1	03845	0	0
1	03846	0	0
1	03849	0	0
1	03850	0	0
1	03851	0	0
1	03852	0	0
1	03853	0	0
1	03854	0	0
1	03855	0	0
1	03856	0	0
1	03857	0	0
1	03858	0	0
1	03859	0	0
1	03860	0	0
1	03861	0	0
1	03864	0	0
1	03867	0	0
1	03868	0	0
1	03869	0	0
1	03870	0	0
1	03871	0	0
1	03880	0	0
1	03881	0	0
1	03883	0	0
1	03886	0	0
1	03890	0	0
1	03891	0	0
1	03893	0	0
1	03900	0	0
1	03901	0	0
1	03913	0	0
1	03925	0	0
1	03926	0	0
1	03928	0	0
1	03929	0	0
1	03930	0	0
1	03934	0	0
1	03935	0	0
1	03936	0	0
1	03937	0	0
1	03938	0	0
1	03939	0	0
1	03940	0	0
1	03941	0	0
1	03942	0	0
1	03943	0	0
1	03944	0	0
1	03945	0	0
1	03946	0	0
1	03947	0	0
1	03948	0	0
1	03949	0	0
1	03950	0	0
1	03951	0	0
1	03952	0	0
1	03953	0	0
1	03954	0	0
1	03955	0	0
1	03956	0	0
1	03957	0	0
1	03959	0	0
1	03960	0	0
1	03961	0	0
1	03963	0	0
1	03964	0	0
1	03965	0	0
1	03966	0	0
1	03967	0	0
1	03968	0	0
1	03980	0	0
1	04001	184910	0
1	04002	184910	0
1	04011	0	0
1	04012	0	0
1	04013	0	0
1	04014	0	0
1	04015	86975	169
1	04016	108535	759
1	04017	92500	273
1	04018	91650	211
1	04020	57720	151
1	04021	24480	94
1	04022	36660	130
1	04023	47775	203
1	04025	149600	211
1	04026	157740	242
1	04027	55680	72
1	04028	23280	504
1	04029	108450	23
1	04030	95305	220
1	04031	181220	0
1	04034	192712	0
1	04037	192712	0
1	04038	192712	0
1	04042	190944	0
1	04044	192712	0
1	04047	187916	0
1	04053	190944	0
1	04055	190944	0
1	04058	192712	0
1	04060	192712	0
1	04065	0	0
1	04067	0	0
1	04068	0	0
1	04071	0	0
1	04073	0	0
1	04074	0	0
1	04075	0	0
1	04076	0	0
1	04077	0	0
1	04078	0	0
1	04079	0	0
1	04080	0	0
1	04081	0	0
1	04082	0	0
1	04083	0	0
1	04089	0	0
1	04105	163667	431
1	04106	123660	137
1	04107	80040	116
1	04108	80040	116
1	04109	80040	116
1	04110	80040	116
1	04112	80040	116
1	04114	56400	96
1	04115	0	0
1	04116	0	0
1	04117	0	0
1	04118	0	0
1	04119	0	0
1	04120	114250	192
1	04121	0	0
1	04128	78648	118
1	04131	0	0
1	04132	0	0
1	04133	138820	22
1	04134	40035	1071
1	04135	112250	0
1	04140	123480	1176
1	04141	0	0
1	04142	60580	151
1	04143	68620	89
1	04144	18240	113
1	04145	157740	242
1	04146	138820	22
1	04367	33792	51
1	04501	192712	0
1	04502	192712	0
1	04506	192712	0
1	04510	192712	0
1	04511	192712	0
1	04513	187916	0
1	04514	192712	0
1	04515	192712	0
1	04516	192712	0
1	04517	192712	0
1	04518	196200	0
1	04520	184910	0
1	04521	0	0
1	04528	192712	0
1	04529	192712	0
1	04530	192712	0
1	04531	166334	0
1	04532	192712	0
1	04534	192712	0
1	04536	192712	0
1	04539	116620	336
1	04541	192712	0
1	04542	184500	0
1	04543	192712	0
1	04544	184500	0
1	04545	192712	0
1	04546	181220	0
1	04547	181220	0
1	04548	181220	0
1	04549	184500	0
1	04550	184500	0
1	04551	181220	0
1	04552	181220	0
1	04554	181220	0
1	04556	181220	0
1	04559	181220	0
1	04560	181220	0
1	04570	192712	0
1	04572	192712	0
1	04573	192712	0
1	04574	180810	0
1	04575	184500	0
1	04576	184500	0
1	04581	192712	0
1	04582	192712	0
1	04583	192712	0
1	04584	192712	0
1	04585	162078	70
1	04586	181220	0
1	04587	181220	0
1	04588	192712	0
1	04589	196636	0
1	04590	196636	0
1	04591	196636	0
1	04592	184910	0
1	04593	196636	0
1	04594	196636	0
1	04595	181220	0
1	04600	0	0
1	04601	0	0
1	04602	0	0
1	04606	0	0
1	04609	0	0
1	04610	162759	36
1	04611	161851	50
1	04612	122973	27
1	04613	122057	39
1	04614	120454	137
1	04615	181220	0
1	04616	183270	0
1	04617	162759	36
1	04618	161851	50
1	04619	0	0
1	04620	0	0
1	04624	0	0
1	04626	0	0
1	04627	0	0
1	04628	0	0
1	04629	0	0
1	04630	0	0
1	04631	10252	23
1	04633	42000	0
1	04634	35875	0
1	04635	33792	141
1	04636	10857	224
1	04638	0	0
1	04639	0	0
1	04640	0	0
1	04641	0	0
1	04642	192712	0
1	04643	192712	0
1	04644	192712	0
1	04645	192712	0
1	04646	192712	0
1	04648	192712	0
1	04649	192712	0
1	04650	192712	0
1	04651	192712	0
1	04652	192712	0
1	04653	192712	0
1	04654	192712	0
1	04655	0	0
1	04656	192712	0
1	04657	192712	0
1	04658	192712	0
1	04659	192712	0
1	04660	192712	0
1	04661	191840	0
1	04662	191840	0
1	04663	192712	0
1	04664	192712	0
1	04665	0	0
1	04666	181220	0
1	04667	181220	0
1	04668	162078	41
1	04669	192712	0
1	04670	192712	0
1	04671	181220	0
1	04672	181220	0
1	04673	0	0
1	04674	0	0
1	04675	0	0
1	04676	0	0
1	04677	0	0
1	04678	0	0
1	04679	0	0
1	04680	136136	0
1	04681	0	0
1	04683	0	0
1	04684	0	0
1	04685	189176	0
1	04686	0	0
1	04687	0	0
1	04688	0	0
1	04689	0	0
1	04690	0	0
1	04691	162759	36
1	04692	0	0
1	04693	0	0
1	04694	122057	39
1	04695	122515	137
1	04696	164193	37
1	04697	0	0
1	04698	196200	0
1	04699	196200	0
1	04700	192712	0
1	04701	192712	0
1	04702	192712	0
1	04703	0	0
1	04704	0	0
1	04705	0	0
1	04706	0	0
1	04707	192282	81
1	05000	0	0
1	05001	0	0
1	05002	0	0
1	05003	0	0
1	05004	0	0
1	05005	0	0
1	05006	0	0
1	05007	0	0
1	05008	0	0
1	05009	0	0
1	05010	0	0
1	05011	0	0
1	05012	0	0
1	05013	0	0
1	05014	0	0
1	05015	0	0
1	05016	0	0
1	05017	0	0
1	05018	0	0
1	05019	0	0
1	05020	0	0
1	05021	0	0
1	05022	0	0
1	05023	0	0
1	05024	0	0
1	05025	0	0
1	05026	0	0
1	05027	0	0
1	05028	0	0
1	05029	0	0
1	05030	0	0
1	05031	0	0
1	05032	0	0
1	05033	0	0
1	05034	0	0
1	05035	0	0
1	05036	0	0
1	05037	0	0
1	05038	0	0
1	05039	0	0
1	05040	26880	4595
1	05041	0	0
1	05042	0	0
1	05043	0	0
1	05044	33460	4059
1	05045	0	0
1	05046	0	0
1	05047	0	0
1	05048	0	0
1	05049	0	0
1	05050	0	0
1	05051	0	0
1	05052	0	0
1	05053	0	0
1	05054	0	0
1	05055	0	0
1	05056	0	0
1	05057	0	0
1	05058	0	0
1	05059	0	0
1	05060	0	0
1	05061	0	0
1	05062	0	0
1	05063	0	0
1	05064	0	0
1	05065	0	0
1	05066	0	0
1	05067	0	0
1	05068	0	0
1	05069	0	0
1	05070	0	0
1	05071	0	0
1	05072	0	0
1	05073	0	0
1	05074	0	0
1	05075	0	0
1	05076	0	0
1	05077	0	0
1	05078	0	0
1	05079	0	0
1	05080	0	0
1	05081	0	0
1	05082	0	0
1	05083	0	0
1	05084	0	0
1	05085	0	0
1	05086	0	0
1	05087	0	0
1	05088	0	0
1	05089	0	0
1	05090	0	0
1	05091	0	0
1	05092	0	0
1	05093	0	0
1	05094	0	0
1	05095	0	0
1	05096	0	0
1	05097	0	0
1	05098	0	0
1	05099	0	0
1	05100	0	0
1	05101	0	0
1	05102	0	0
1	05103	0	0
1	05104	0	0
1	05105	0	0
1	05106	0	0
1	05107	0	0
1	05108	0	0
1	05109	0	0
1	05110	0	0
1	05111	0	0
1	05112	0	0
1	05113	0	0
1	05114	0	0
1	05115	0	0
1	05116	0	0
1	05117	0	0
1	05118	0	0
1	05119	0	0
1	05120	0	0
1	05121	0	0
1	05122	0	0
1	05123	0	0
1	05124	0	0
1	05125	0	0
1	05126	0	0
1	05127	0	0
1	05128	0	0
1	05129	0	0
1	05130	0	0
1	05131	0	0
1	05132	0	0
1	05133	0	0
