68 20160503
64 20160503
78 20160503
78 20160503
79 20160503
80 20160503
80 20160503
80 20160503
81 20160503
76 20160503
77 20160503
77 20160503
78 20160503
79 20160503
79 20160503
79 20160503
80 20160503
80 20160503
80 20160503
80 20160503
80 20160503
81 20160503
81 20160503
81 20160503
82 20160503
82 20160503
83 20160503
83 20160503
83 20160503
82 20160503
82 20160503
82 20160503
81 20160503
81 20160503
80 20160503
80 20160503
79 20160503
80 20160503
77 20160503
77 20160503
78 20160503
78 20160503
78 20160503
79 20160503
79 20160503
78 20160503
78 20160503
77 20160503
76 20160503
75 20160503
74 20160503
72 20160503
72 20160503
72 20160503
72 20160503
73 20160503
74 20160503
75 20160503
76 20160503
78 20160503
78 20160503
77 20160503
76 20160503
77 20160503
76 20160503
76 20160503
75 20160503
74 20160503
72 20160503
70 20160503
71 20160503
72 20160503
74 20160503
75 20160503
78 20160503
77 20160503
78 20160503
79 20160503
79 20160503
80 20160503
80 20160503
80 20160503
80 20160503
81 20160503
79 20160503
79 20160503
80 20160503
79 20160503
79 20160503
80 20160503
80 20160503
81 20160503
81 20160503
81 20160503
81 20160503
80 20160503
80 20160503
80 20160503
80 20160503
79 20160503
79 20160503
80 20160503
80 20160503
80 20160503
80 20160503
80 20160503
80 20160503
80 20160503
80 20160503
80 20160503
81 20160503
81 20160503
81 20160503
78 20160503
78 20160503
78 20160503
78 20160503
77 20160503
77 20160503
76 20160503
76 20160503
76 20160503
75 20160503
75 20160503
75 20160503
74 20160503
74 20160503
74 20160503
75 20160503
78 20160503
78 20160503
78 20160503
78 20160503
79 20160503
80 20160503
80 20160503
80 20160503
